SECRET_KEY="[
  224, 128,  54,  32,  49,  85, 210, 172,  63,  45,  20,
  210, 246, 238,   2,   1,  16, 244, 136, 142,   7, 194,
  245, 130, 202,  31, 162, 117, 184,  90, 209, 247,  97,
  251, 180, 137,  65,  53,  31,  29, 153, 232, 253,  87,
  229, 201, 137, 156, 120, 160,   0, 129, 118,  22,   9,
  107, 205,  71,  33,  66, 192, 207,  45, 226
]"

SECRET_KEY_2="[
    1,  61,   0, 210,  32, 121,  46, 108, 177, 121, 220,
  181,  59, 236,  55, 200, 116,  65, 178,  11, 109, 164,
  243,  65, 179, 136, 115,  85, 219, 150, 164,  56,  40,
   25, 249, 162, 189,  28, 249, 146, 202, 189, 115, 211,
  152,  71, 135,  84, 231, 204,  81, 191, 200,   8, 223,
   85, 150, 234,  38, 233, 186, 235, 104, 200
]"